3337748340
3727537526
2636164581
3727000565
4283216185
4089519967
3887341970
3528993672
3327308192
4038512032
2537370764
4217666244
4251341345
4346523166
3566711029
3887279218
3982668211
3758779711
3910914732
2499802741
4250689941
3814247421
3593379194
4094094313
3909664956
3398458716
3791166384
2743471982
3438823580
4125925443
3903569714
3177937940
3935065395
3982921950
4282180696
3785408607
4129014401
4004944763
4108269124
4251032944
4251111475
3879067066
3908982730
3786245334
4101128099
2636801898
3758744221
4040786336
4112935207
4101539056
3758744221
3903569714
3528993672
3791166384
4262009478
3887279218
4217666244
4251341345
3438823580
3887341970
3398458716
2636164581
4250689941
4089519967
3599987333
4153009117
4108269124
3909664956
4251032944
3982668211
4039276994
4175321540
3786245334
3818045529
3814247421
4038512032
4279671160
3060558267
3727000565
4211965472
4128857044
4281731817
4120761328
4271697736
2537370764
4125925443
4243564702
4121137732
2775525753
4642136270
3982921950
1961968600
4315356453
3566711029
3727461896
4046806341
4161183174
4133414730
2538777845
4133414730
4101539056
4156224983
4004944763
4040854552
3900398366
3327308192
4128428626
4217666244
2538777845
3791166384
4426396426
4248233570
2743471982
4155645503
3814247421
4229445099
4128857044
4156244865
3727000565
4314843654
4425963129
4339307513
4244020789
4144627429
4282180696
4251032944
3432589029
1751015665
4021446634
4251111475
4238426283
3839535026
4108269124
4020975762
4459850784
4007964618
4250530416
4123604576
3119041016
4134873492
4275683020
4191751601
4162853551
3482963752
3934798076
4161455193
4161354092
3876660118
3351255607
3877526730
4345966304
2437395259
4529661851
3713414601
3868287001
2870971669
4642141333
4193933912
2773082710
4020899808
4096231329
4161469164
1133515187
4047285458
3159575324
4163170323
4204259495
3502355294
4077715003
1928778523
3689733385
3669926479
4174010016
2496258834
4085800322
3856658196
4008053131
3564927785
3713058296
4206207810
4242464640
3985273668
4642032949
4156304902
4156708466
2643505891
4237743958
2661745231
3815023278
4174134000
4074866093
4145371267
2707728229
4339149322
3828740769
1165256613
3950766378
4111457470
4207992527
3519357881
4086571031
3650727485
2730786900
4229157778
3292225923
3907300945
4642386340
3655318119
2576949850
2338573487
4159821664
2961279651
3880003858
4134915232
4175143148
2151533339
4008289416
2056597839
3922765772
3573040884
3271962577
4229486773
2927525599
4165773533
4170370626
4204225753
4071384433
4024140998
4206657501
4084273697
4160832080
3342745070
2439267226
4109912031
4096897417
3549850621
1949564693
2790402895
4155866535
4089284974
3806454461
2114076980
4325538431
4095170897
3784987965
3997798503
3216155458
4008142996
4089313521
4094618861
4050368497
4007686446
3670135550
3499130451
4104710009
4019675194
4161062215
2204290684
4425979016
2954864425
4021515567
3114321184
4082985469
4156565535
3267680387
4530080727
3961477459
4156267824
3709908488
4028645756
4162723869
4161341569
4346056801
4460166566
3931814900
4086234817
3345353133
3147913151
4228978998
3180860098
3561963250
4165184217
4229172180
3324198621
4100113858
2383659971
3893807747
3839295509
3893822571
4095772796
3157346063
4020032852
4153009880
3922343576
2778973163
3932644561
4151521465
4157108069
4229507788
4641687330
4228907034
4153311855
4244095833
4243553139
4162626645
4238099076
4085584256
4077131743
4077395436
3590908587
4338694113
4077566297
4104647159
4156251620
4272172424
4156998929
4174893453
3978773499
4314844145
4159784348
4028616782
4074617507
4021458907
4152905466
4229408123
4085589230
4238022117
3844813136
3872903955
3674702886
3927128769
4344126359
3910450783
4291895764
