4175208171
4345816585
4172411656
4238258465
3148889113
3915432762
4641913408
4206684070
4057751300
2547567895
2465564527
4339028968
4156752648
4272419924
4151011639
3726623039
3628320823
4237613481
4155672033
3963274075
4155844598
3902197135
4237600720
4025850005
2218408713
4142885818
4162667841
3990881787
4192291184
4221992857
3483981844
2822710895
4095246313
4142131401
3880181201
4032071983
3920148577
3906668575
4145454377
4077453156
4207577526
4641789007
2942896274
3728971553
2477588820
4344068626
4067306095
4025460225
3560703091
4237823788
4221843514
3101731924
4085669534
4066597610
3087470601
4162936590
4331584030
4206822412
4300500829
4240204105
4425534297
4092013038
3985133575
4094482771
4086925113
4156387355
4175532376
4076861733
3961311034
3792289907
4008218021
3850711591
4096484338
4153033483
3795977483
4180380682
4294393489
3785013657
4219191320
2025170518
4314826832
4145350009
3853503799
4150790143
4222076463
3936349626
4042960448
3610995388
4025302255
4326007293
4080720152
4093155777
3669343213
4338971971
3945154763
4325741795
4237809131
4426339665
3936554811
4459954779
4346350906
4119189889
3867972432
3843483636
4153437837
4248024836
3854430772
4530318411
2836358430
2951474200
4104899855
4291696143
4110730012
4159681370
4021987140
3985265017
3933461865
4153304141
4243107442
4120934480
4249546767
4157333231
4077154106
4307316960
4007597661
4156512353
4180410648
4024871948
4094931402
4113554432
4116442086
4130610848
1745317365
3696696020
4133448208
4174904658
4259599503
4160247616
3849239487
4007603258
4088633110
4160008878
4217928877
4248375389
4019765406
4077204318
4091940055
4153458990
4156054772
4112642639
4097242706
3980625502
4113208900
3971046708
4155933508
4091647236
3857017910
3996402733
4161281808
3554058356
4244169856
3919392030
4026855187
4160376048
4155561907
4283106558
4244117732
4099896778
4119449648
4175322852
3939268646
4085611546
4162928459
4085929051
3362850876
4272381205
3340798686
4085617619
